     0/299     24.9G   0.06413   0.02271   0.01925    0.1061       197       640  0.004657    0.3576  0.005157  0.000587   0.08691   0.02966   0.01606
     1/299     24.8G   0.06172   0.02098   0.01345   0.09616       141       640  0.002665    0.2051  0.001998 0.0003039   0.08803   0.02961    0.0131
     2/299     24.8G   0.06107   0.02095   0.01009   0.09212       197       640  0.005831    0.3741  0.005105 0.0005533   0.09325   0.02832   0.01202
     3/299     24.8G   0.06103   0.02002  0.008656   0.08971       162       640    0.3366    0.1227  0.001635 0.0002395   0.08848   0.02975   0.01198
     4/299     24.8G   0.05903   0.02019  0.007332   0.08655       136       640   0.07948    0.1708   0.05766   0.01524   0.08177   0.02983   0.01201
     5/299     24.8G   0.05791    0.0196  0.006161   0.08367       175       640    0.1205    0.2059   0.09556    0.0247   0.08989   0.02774   0.01087
     6/299     24.8G   0.05922   0.01831  0.006267   0.08379       144       640    0.3347   0.01837 0.0001525 2.098e-05   0.09681    0.0298   0.02377
     7/299     24.8G   0.05827   0.01752  0.006287   0.08208       139       640    0.0129   0.03429  0.002775 0.0003983   0.09805   0.02939   0.02604
     8/299     24.8G   0.05732   0.01651  0.005434   0.07927       182       640     0.456    0.2279    0.1169   0.02867   0.09346   0.02913   0.01137
     9/299     24.8G   0.05499   0.01571  0.005382   0.07609       172       640    0.5787    0.3185    0.2458   0.05204   0.09967   0.02382  0.009879
    10/299     24.8G   0.05453   0.01556  0.005485   0.07558       181       640     0.666    0.4074    0.2811   0.08423   0.08707    0.0293   0.01161
    11/299     24.8G   0.05079   0.01457  0.004593   0.06996       158       640    0.6553    0.5656    0.6114    0.1905   0.08991   0.02648  0.009947
    12/299     24.8G   0.04705    0.0138  0.003797   0.06465       133       640    0.8314    0.6339    0.7403    0.2533   0.08585   0.02827  0.009626
    13/299     24.8G   0.04766   0.01372  0.003227    0.0646       134       640     0.517    0.3181    0.3018   0.07592    0.0944    0.0385   0.01839
    14/299     24.8G    0.0463   0.01357  0.003382   0.06326       160       640    0.7906    0.6798    0.8116    0.3643   0.08205   0.02641  0.007764
    15/299     24.8G     0.045   0.01334  0.003745   0.06208       146       640    0.8532    0.7413    0.8089    0.3591   0.08315   0.02397  0.008191
    16/299     24.8G   0.04459   0.01285  0.003547   0.06099       141       640     0.873    0.8429    0.8848    0.4747   0.08211   0.02294  0.007346
    17/299     24.8G   0.04295   0.01247  0.003749   0.05917       142       640    0.5214    0.4976    0.5047    0.1797   0.08719   0.02846  0.008696
    18/299     24.8G   0.04177    0.0127  0.005745   0.06021       144       640    0.6378    0.3359    0.2341   0.07179    0.1069   0.03147   0.04804
    19/299     24.8G    0.0445   0.01282  0.003078    0.0604       159       640     0.815    0.5492    0.7429    0.3592   0.08029   0.02688  0.005374
    20/299     24.8G   0.04068   0.01232  0.002447   0.05545       148       640    0.8558    0.8075    0.9026    0.4864   0.07522   0.02386  0.004416
    21/299     24.8G   0.04214   0.01203  0.003027    0.0572       134       640    0.9422    0.8747    0.9279    0.5361   0.07571   0.02299  0.003183
    22/299     24.8G   0.03864   0.01197  0.002832   0.05345       183       640    0.8939    0.8954    0.9277    0.5445   0.07129   0.02413  0.003312
    23/299     24.8G   0.03892   0.01164  0.003054   0.05362       186       640    0.7838    0.7953    0.8063    0.4403   0.07365   0.02525  0.003435
    24/299     24.8G    0.0399   0.01162  0.002831   0.05435       112       640    0.8494    0.8024     0.859    0.4638    0.0715   0.02491  0.002654
    25/299     24.8G   0.04046   0.01171  0.003482   0.05565       119       640    0.8828    0.7202    0.8796    0.5338   0.07648   0.02513  0.004165
    26/299     24.8G   0.04156    0.0115  0.003256   0.05631       187       640    0.8985    0.9102     0.933    0.5927   0.07428   0.02158  0.002705
    27/299     24.8G    0.0381   0.01137  0.002927   0.05239       142       640    0.9058     0.925    0.9368     0.586   0.06922   0.02433  0.003278
    28/299     24.8G   0.03786   0.01143  0.002626   0.05192       150       640    0.8962    0.9377    0.9385     0.575   0.06907   0.02404  0.002668
    29/299     24.8G   0.03821   0.01137  0.002691   0.05227       152       640    0.9151    0.9415    0.9509     0.612    0.0704   0.02271  0.002688
    30/299     24.8G    0.0369   0.01108  0.002085   0.05007       145       640    0.9139    0.9393    0.9429    0.5817   0.07129   0.02263  0.002895
    31/299     24.8G   0.03657   0.01086  0.002177   0.04961       181       640    0.9492     0.903    0.9499    0.5701   0.07066   0.02271  0.003173
    32/299     24.8G   0.03596   0.01117  0.001983   0.04911       145       640    0.9357    0.8082    0.9065    0.6086   0.06995   0.02435  0.003179
    33/299     24.8G   0.03658   0.01135  0.002072   0.05001       161       640    0.9004    0.9288    0.9398    0.5751   0.07024   0.02247   0.00311
    34/299     24.8G   0.03672   0.01082  0.002053   0.04959       168       640    0.9074    0.9246    0.9384    0.6179   0.07241   0.02224  0.002611
    35/299     24.8G   0.03719   0.01101  0.002203    0.0504       143       640    0.9216    0.9438    0.9557    0.6483   0.07059   0.02329   0.00246
    36/299     24.8G   0.03533   0.01082  0.002862   0.04902       200       640    0.9433    0.9186    0.9542    0.5859   0.07394   0.02243  0.002852
    37/299     24.8G   0.03723   0.01082  0.002172   0.05022       156       640    0.8958    0.9496    0.9481    0.6472   0.07168   0.02228  0.002589
    38/299     24.8G   0.03697   0.01093  0.002651   0.05055       172       640    0.9591     0.939    0.9653    0.6233   0.07218   0.02302  0.002658
    39/299     24.8G   0.03337   0.01053  0.001417   0.04532       144       640    0.9524    0.9495    0.9645    0.6522   0.06814   0.02353  0.002327
    40/299     24.8G   0.03688   0.01072  0.002006   0.04961       191       640    0.8728    0.9628    0.9671    0.6339    0.0721   0.02239  0.002548
    41/299     24.8G   0.03691   0.01049  0.002718   0.05012       165       640    0.9256    0.9549    0.9705    0.6673   0.07115   0.02242  0.002463
    42/299     24.8G   0.03469   0.01036  0.001811   0.04687       158       640    0.9361    0.9332    0.9701    0.6445    0.0681    0.0227  0.002524
    43/299     24.8G   0.03599   0.01052  0.002126   0.04863       171       640    0.8896    0.8812     0.901     0.603   0.07236   0.02531  0.004213
    44/299     24.8G   0.03515   0.01063  0.002274   0.04805       183       640    0.9342     0.898    0.9361    0.5989   0.07091    0.0242  0.002458
    45/299     24.8G   0.03475   0.01059  0.002115   0.04745       180       640    0.8896    0.9232    0.9576    0.6459   0.07105   0.02267  0.003193
    46/299     24.8G   0.03516   0.01051  0.001524   0.04719       124       640    0.9461    0.9514    0.9589      0.66   0.07035   0.02328  0.002404
    47/299     24.8G   0.03542   0.01043  0.002221   0.04806       167       640    0.9209    0.8101     0.911    0.5747   0.07199   0.02455  0.002976
    48/299     24.8G   0.03368    0.0104  0.001734   0.04581       160       640    0.9452    0.9248    0.9546    0.6539   0.07141    0.0229  0.002263
    49/299     24.8G    0.0334   0.01002  0.002154   0.04557       147       640     0.948    0.9397    0.9774    0.6415   0.07119   0.02225  0.002601
    50/299     24.8G   0.03583   0.01037  0.002437   0.04864       144       640    0.9341    0.9539    0.9645    0.6762   0.06976   0.02389   0.00209
    51/299     24.8G   0.03519   0.01007  0.001956   0.04721       192       640    0.9242     0.946    0.9424    0.6568   0.06991   0.02423  0.002552
    52/299     24.8G   0.03346  0.009963  0.001677    0.0451       157       640    0.9301    0.9699    0.9715    0.6773   0.06629   0.02348  0.002083
    53/299     24.8G   0.03384   0.01019  0.002454   0.04649       153       640    0.9347    0.9528    0.9775    0.6719   0.06809   0.02335  0.002275
    54/299     24.8G   0.03397   0.01004  0.002606   0.04662       171       640    0.9606    0.9364    0.9781    0.6822   0.06696   0.02319   0.00223
    55/299     24.8G   0.03543   0.01018  0.001864   0.04747       150       640    0.9618    0.9365    0.9671    0.6635    0.0668   0.02306   0.00191
    56/299     24.8G   0.03313  0.009913  0.001678   0.04472       159       640    0.9158    0.9724    0.9726    0.6601   0.06753   0.02408  0.001628
    57/299     24.8G   0.03225  0.009862  0.002063   0.04418       186       640    0.9153    0.9578     0.959    0.6529   0.06571   0.02348  0.001591
    58/299     24.8G   0.03287  0.009622  0.001614    0.0441       132       640    0.9562    0.9538    0.9673    0.6715   0.06509   0.02373  0.001586
    59/299     24.8G   0.03253   0.01001  0.001443   0.04398       155       640    0.9322    0.9193    0.9468    0.6353   0.06578   0.02513  0.001571
    60/299     24.8G   0.03409   0.01005  0.001543   0.04568       146       640    0.9459    0.9521    0.9673    0.6578   0.06498   0.02418  0.001484
    61/299     24.8G   0.03142  0.009762  0.001847   0.04303       184       640    0.9151    0.9634    0.9555    0.6622   0.06386   0.02456   0.00153
    62/299     24.8G   0.03195  0.009908  0.001268   0.04313       157       640    0.9403    0.9036    0.9292    0.6471   0.06493   0.02391  0.001419
    63/299     24.8G    0.0327   0.01001  0.001937   0.04465       127       640    0.7574    0.8125    0.8332    0.5333   0.07119   0.02821   0.00344
    64/299     24.8G   0.03342   0.01007  0.001878   0.04538       194       640    0.9009    0.9494    0.9517    0.6653   0.06243   0.02443  0.001233
    65/299     24.8G   0.03401  0.009923  0.001956   0.04589       155       640    0.9482    0.9355    0.9668    0.6749   0.06426    0.0241  0.001546
    66/299     24.8G   0.03201   0.01004  0.001703   0.04375       136       640    0.9554    0.9513    0.9802    0.6861    0.0646   0.02442  0.001485
    67/299     24.8G   0.03305   0.01011  0.002592   0.04576       143       640    0.9349    0.9626     0.977    0.6322   0.06608   0.02496  0.001689
    68/299     24.8G   0.03293   0.01019  0.002427   0.04555       156       640    0.9564    0.9501    0.9742    0.6875    0.0629   0.02507  0.001243
    69/299     24.8G   0.03357  0.009595  0.002896   0.04606       123       640    0.9551    0.9475    0.9749    0.6932    0.0638   0.02376  0.001244
    70/299     24.8G   0.03509  0.009988     0.002   0.04707       185       640    0.9511    0.9474    0.9721    0.6919   0.06493   0.02375  0.001359
    71/299     24.8G    0.0341  0.009997   0.00186   0.04596       157       640    0.9397    0.9277     0.966    0.6496   0.06505   0.02367  0.001434
    72/299     24.8G   0.03185   0.00968  0.001207   0.04273       188       640    0.9375    0.9565    0.9728     0.709   0.06226   0.02342 0.0009655
    73/299     24.8G   0.03246  0.009663  0.001978    0.0441       120       640    0.9397    0.9591    0.9734    0.7046   0.06311   0.02402  0.001397
    74/299     24.8G   0.03222  0.009499  0.002522   0.04424       127       640    0.9352    0.9576    0.9724    0.7088   0.06223   0.02321  0.001502
    75/299     24.8G   0.03245  0.009359  0.001387   0.04319       228       640    0.9445    0.9432    0.9701    0.6973   0.06276   0.02414  0.001055
    76/299     24.8G   0.03311  0.009367  0.002325   0.04481       125       640    0.9321    0.9567     0.971      0.69   0.06391   0.02437  0.001335
    77/299     24.8G   0.03193  0.009324  0.002667   0.04392       132       640    0.9354    0.9501     0.966    0.6971   0.06197   0.02514   0.00119
    78/299     24.8G   0.03314  0.009817  0.001964   0.04492       174       640     0.946     0.948    0.9715    0.6855   0.06279   0.02518  0.001287
    79/299     24.8G   0.03312  0.009736  0.001818   0.04467       123       640     0.916    0.9347    0.9564    0.6683   0.06379   0.02474  0.001347
    80/299     24.8G   0.03226  0.009524  0.001784   0.04357       153       640    0.9381    0.9552    0.9728    0.6893   0.06269   0.02458  0.001093
    81/299     24.8G   0.03039  0.009452   0.00159   0.04143       129       640    0.9406    0.9233    0.9479    0.6741   0.06268   0.02419 0.0009974
    82/299     24.8G   0.03216  0.009489  0.001743   0.04339       151       640    0.9218    0.9804    0.9736    0.6893   0.06109   0.02489 0.0009525
    83/299     24.8G   0.03169  0.009269  0.001152   0.04211       137       640    0.9278    0.9864    0.9829    0.7209   0.06243   0.02423 0.0008398
    84/299     24.8G   0.03276  0.009512  0.001837   0.04411       134       640    0.9427    0.9355    0.9572    0.6968   0.06103   0.02442 0.0008103
    85/299     24.8G   0.03159  0.009453  0.002084   0.04313       125       640    0.9162     0.901    0.9352     0.669   0.06219   0.02516  0.001137
    86/299     24.8G   0.03149  0.009315  0.001672   0.04248       164       640     0.947    0.9474    0.9702    0.6884   0.06197   0.02476 0.0008599
    87/299     24.8G   0.02965  0.009299  0.002004   0.04096       155       640    0.9025    0.9717    0.9649    0.6788   0.06214   0.02474  0.001011
    88/299     24.8G   0.03157  0.009437  0.002271   0.04328       189       640    0.9051    0.9117    0.9382    0.6948   0.06088   0.02471 0.0009532
    89/299     24.8G    0.0321   0.00929  0.002008    0.0434       138       640    0.9486    0.9514    0.9717    0.7185   0.06039    0.0247 0.0009571
    90/299     24.8G     0.031  0.009299   0.00153   0.04182       110       640     0.925     0.957    0.9538    0.6862   0.06366   0.02356  0.001327
    91/299     24.8G    0.0316    0.0092   0.00145   0.04225       146       640    0.9551    0.9524    0.9704    0.6896    0.0632   0.02409  0.001066
    92/299     24.8G   0.03263   0.00928  0.001412   0.04332       129       640    0.9454    0.9637    0.9772    0.6906   0.06142   0.02456 0.0009786
    93/299     24.8G   0.03015  0.009081  0.001929   0.04116       141       640    0.9352    0.9725    0.9675    0.7088   0.06166   0.02505  0.000984
    94/299     24.8G     0.031  0.008978  0.001552   0.04153       174       640    0.9558    0.9498    0.9709    0.7085    0.0626   0.02426 0.0007916
    95/299     24.8G   0.03289  0.009308  0.001898    0.0441       192       640    0.9323     0.959    0.9646    0.7061   0.06159   0.02441 0.0009015
    96/299     24.8G   0.03054  0.009198  0.001804   0.04154       154       640    0.9321    0.9736    0.9758    0.6914   0.06191   0.02537 0.0009263
    97/299     24.8G   0.03092  0.009078  0.002079   0.04208       207       640    0.9334    0.9736    0.9712    0.6972   0.06263   0.02471 0.0008339
    98/299     24.8G   0.02927  0.009209  0.001485   0.03996       138       640    0.9499    0.9475    0.9763    0.6971   0.06136   0.02515  0.001033
    99/299     24.8G   0.03087  0.009217  0.001622   0.04171       174       640    0.9363    0.9731    0.9695     0.699     0.062   0.02617 0.0009413
   100/299     24.8G   0.03002  0.009046   0.00183    0.0409       170       640    0.9488    0.9568    0.9753    0.7199   0.06159   0.02516 0.0009305
   101/299     24.8G   0.03058  0.009301  0.001518    0.0414       137       640    0.9468    0.9591    0.9752    0.6942   0.06078   0.02498  0.001004
   102/299     24.8G   0.02852  0.009118  0.001637   0.03927       126       640    0.9533    0.9545    0.9767    0.6797   0.06163    0.0253 0.0009912
   103/299     24.8G    0.0301    0.0092  0.001748   0.04105       146       640    0.9294    0.9792    0.9687    0.6891   0.06197   0.02579  0.001012
   104/299     24.8G   0.03018  0.009023  0.001346   0.04055       167       640    0.9458    0.9616    0.9757    0.6904   0.06005   0.02552  0.000826
   105/299     24.8G   0.03146  0.008928  0.001369   0.04175       175       640    0.9176    0.9668    0.9512    0.7085   0.06243   0.02551 0.0009586
   106/299     24.8G   0.03021  0.009045  0.001846    0.0411       131       640    0.9434    0.9152    0.9684    0.6726   0.06194   0.02609 0.0008633
   107/299     24.8G   0.03039  0.009066  0.001346    0.0408       171       640    0.9301    0.9831    0.9767    0.6926   0.06227   0.02586 0.0008846
   108/299     24.8G   0.02958  0.008867  0.002937   0.04139       164       640    0.9438    0.9552     0.971    0.7047   0.06185   0.02675 0.0008581
   109/299     24.8G   0.03092  0.009015  0.001352   0.04129       137       640    0.9373    0.9769    0.9774    0.6969   0.06244   0.02536 0.0008847
   110/299     24.8G   0.03313  0.009065  0.001837   0.04403       153       640    0.9243    0.9776    0.9713    0.7172   0.06179    0.0251 0.0007398
   111/299     24.8G   0.03068  0.009145  0.002065   0.04189       155       640    0.9515    0.9443    0.9735    0.7033   0.06038   0.02589 0.0008278
   112/299     24.8G   0.03026  0.008971  0.001333   0.04056       170       640    0.9363    0.9578     0.972    0.6855   0.06032   0.02632 0.0007995
   113/299     24.8G   0.02992  0.009003  0.001776   0.04069       153       640    0.9247     0.943     0.944    0.6888   0.06049   0.02636 0.0008556
   114/299     24.8G   0.03072    0.0088  0.001384   0.04091       180       640    0.9318    0.9441    0.9638    0.6879   0.06125   0.02647  0.000955
   115/299     24.8G   0.02795  0.008772  0.001293   0.03802       145       640     0.946    0.9628    0.9701    0.6949   0.06188   0.02645 0.0009011
   116/299     24.8G   0.03006  0.008748  0.001763   0.04057       144       640    0.9246     0.975    0.9675    0.6993    0.0631   0.02556  0.001051
   117/299     24.8G    0.0289  0.008838   0.00124   0.03898       162       640    0.9568    0.9342    0.9574    0.6938   0.06135   0.02589 0.0009408
   118/299     24.8G   0.02912  0.008749  0.001153   0.03903       105       640     0.953    0.9565    0.9717    0.7098   0.06226    0.0259  0.000984
   119/299     24.8G   0.03084   0.00881  0.001642   0.04129       112       640    0.9234    0.9379    0.9391     0.678   0.06244   0.02587 0.0009011
   120/299     24.8G   0.02938  0.008909  0.001345   0.03963       124       640    0.9317    0.9724    0.9645    0.7155   0.06135   0.02703 0.0008709
   121/299     24.8G   0.03017   0.00872  0.001824   0.04072       142       640    0.9506    0.9546    0.9726       0.7    0.0624   0.02611 0.0009157
   122/299     24.8G    0.0318  0.008794  0.001671   0.04226       169       640    0.9327    0.9604    0.9693    0.6757   0.06086   0.02624 0.0009425
   123/299     24.8G   0.03079  0.008771  0.002035   0.04159       159       640    0.9206    0.9766    0.9722    0.6981   0.06259   0.02659 0.0009026
   124/299     24.8G    0.0283  0.008857  0.001304   0.03846       144       640    0.9525    0.9554     0.978    0.7023   0.06193   0.02583 0.0009442
   125/299     24.8G   0.03069  0.008977  0.001387   0.04106       158       640     0.954    0.9462    0.9775    0.7141   0.06093    0.0265 0.0008918
   126/299     24.8G   0.02976  0.008623  0.001583   0.03996       130       640    0.9585    0.9489    0.9723    0.6978   0.06201   0.02702  0.001073
   127/299     24.8G   0.02953  0.008433  0.001671   0.03963       162       640    0.9534    0.9565    0.9694    0.7047   0.06213   0.02666 0.0009506
   128/299     24.8G   0.02969  0.008812  0.001172   0.03968       173       640    0.9597    0.9367    0.9671    0.7048    0.0615   0.02662  0.001231
   129/299     24.8G   0.02803  0.008544  0.001643   0.03821       131       640    0.9609    0.9513     0.969    0.6884   0.06097   0.02682  0.001221
   130/299     24.8G   0.02805  0.008523  0.001417   0.03799       223       640    0.9543    0.9501    0.9685     0.706   0.06046   0.02703 0.0009825
   131/299     24.8G   0.02984  0.008778  0.001985    0.0406       163       640    0.9145    0.9942    0.9704    0.6829   0.06071   0.02713 0.0009483
   132/299     24.8G   0.02872  0.008711  0.001436   0.03887       145       640    0.9501    0.9552    0.9701    0.7002   0.06054   0.02667 0.0008516
   133/299     24.8G   0.02878  0.008565  0.002136   0.03948       140       640    0.9514    0.9704    0.9694    0.6705   0.06129     0.027 0.0008918
   134/299     24.8G   0.02876  0.008782  0.001642   0.03918       108       640    0.9328    0.9562    0.9535    0.6632   0.06265   0.02648 0.0009709
   135/299     24.8G   0.02899  0.008691  0.001406   0.03909       181       640    0.9558    0.9422    0.9671    0.7032   0.06162   0.02565 0.0008999
   136/299     24.8G   0.02929  0.008793  0.001546   0.03963       174       640    0.9554    0.9474     0.969     0.685   0.06301   0.02631 0.0008882
   137/299     24.8G   0.02928  0.008784  0.001244   0.03931       110       640    0.9408    0.9315     0.949    0.6791   0.06348   0.02581  0.000803
   138/299     24.8G   0.02868   0.00893 0.0008657   0.03847       167       640    0.9508    0.9495    0.9735    0.7047   0.06237   0.02596 0.0008125
   139/299     24.8G   0.02907  0.008617  0.001533   0.03922       127       640    0.9337    0.9699    0.9707    0.6996   0.06099   0.02705 0.0007984
   140/299     24.8G   0.02941  0.008616  0.001486   0.03951       123       640    0.9511    0.9729    0.9715    0.7168   0.06096   0.02741  0.000953
   141/299     24.8G   0.02822  0.008494  0.001193   0.03791       157       640    0.9543    0.9527    0.9732    0.7105   0.06189   0.02752 0.0009045
   142/299     24.8G   0.02788  0.008429  0.001188   0.03749       157       640    0.9537     0.954    0.9688     0.709   0.06187    0.0268 0.0008505
   143/299     24.8G   0.02894  0.008801  0.001898   0.03964       162       640    0.9512    0.9659    0.9689    0.6932    0.0612   0.02759 0.0007817
   144/299     24.8G   0.02953  0.008466  0.001239   0.03924       191       640    0.9391    0.9418    0.9495    0.6781   0.06091   0.02793 0.0009144
   145/299     24.8G   0.02931  0.008842  0.002025   0.04017       165       640    0.9464    0.9514    0.9752    0.6977   0.06033   0.02765 0.0009883
   146/299     24.8G   0.02912  0.008594   0.00163   0.03934       149       640    0.9412    0.9473    0.9508    0.6836    0.0611   0.02716  0.001015
   147/299     24.8G   0.02822  0.008413  0.001085   0.03771       125       640    0.9521    0.9539    0.9757    0.7072   0.06205   0.02736 0.0009555
   148/299     24.8G   0.02824  0.008558   0.00102   0.03781       152       640    0.9382    0.9769    0.9733    0.7087   0.06218   0.02676 0.0008713
   149/299     24.8G   0.02889  0.008577  0.001546   0.03901       144       640    0.9532      0.91    0.9648    0.7094    0.0619   0.02717 0.0008774
   150/299     24.8G    0.0304  0.008396  0.000811   0.03961       139       640    0.9396    0.9604    0.9703    0.6937   0.06161   0.02721  0.001056
   151/299     24.8G   0.02921  0.008446  0.001071   0.03873       155       640    0.9272    0.9651    0.9602    0.7032   0.06137   0.02691   0.00101
   152/299     24.8G   0.02895  0.008341  0.001205   0.03849       120       640    0.9508    0.9578    0.9741    0.7219   0.06104   0.02715 0.0009384
   153/299     24.8G   0.02873  0.008431 0.0009861   0.03815       171       640    0.9432    0.9272    0.9554    0.7044   0.06145   0.02721 0.0008535
   154/299     24.8G   0.02875  0.008413  0.001149   0.03831       108       640    0.9275    0.9773    0.9729    0.7125   0.06127   0.02693  0.001087
   155/299     24.8G   0.02795  0.008297 0.0006571    0.0369       113       640    0.9332    0.9776    0.9763    0.7216   0.05952   0.02728  0.001121
   156/299     24.8G   0.02777  0.008518  0.002033   0.03832       153       640     0.949    0.9552    0.9759    0.7252   0.05977   0.02734  0.001325
   157/299     24.8G   0.02836  0.008426  0.001315    0.0381       149       640    0.9314    0.9722      0.97    0.7099   0.06094   0.02755  0.002162
   158/299     24.8G   0.02973   0.00854  0.001522   0.03979       157       640    0.9542    0.9475    0.9644    0.7228   0.06089   0.02714  0.001621
   159/299     24.8G   0.02777  0.008336  0.001162   0.03727       167       640    0.9572    0.9468    0.9751    0.7112   0.05941   0.02764  0.001125
   160/299     24.8G   0.02904  0.008472 0.0008161   0.03833       133       640    0.9557    0.9472    0.9734     0.706   0.05994   0.02776  0.001056
   161/299     24.8G   0.02798  0.008353  0.001945   0.03828       196       640    0.9361    0.9771    0.9667    0.7268     0.059   0.02719  0.001152
   162/299     24.8G    0.0277  0.008273  0.001717   0.03769       170       640    0.9291     0.975    0.9718     0.721   0.06121   0.02725  0.001549
   163/299     24.8G    0.0293  0.008275  0.001159   0.03874       148       640    0.9517    0.9558    0.9705    0.7204   0.06138   0.02742    0.0016
   164/299     24.8G   0.02761  0.008181  0.002226   0.03801       144       640    0.9474    0.9736    0.9749    0.7195   0.06023   0.02766  0.001216
   165/299     24.8G   0.02833  0.008329  0.002192   0.03885       150       640     0.946    0.9545    0.9696    0.7326   0.05972   0.02785  0.001077
   166/299     24.8G   0.02793  0.008306  0.001236   0.03747       144       640    0.9366    0.9673    0.9725    0.7174   0.06021   0.02786  0.001132
   167/299     24.8G   0.02842  0.008466  0.001054   0.03794       157       640    0.9384     0.975    0.9646    0.7174   0.06039   0.02806  0.001094
   168/299     24.8G   0.02771  0.008197  0.002075   0.03798       172       640    0.9476    0.9725    0.9742    0.7203   0.06069   0.02723  0.001129
   169/299     24.8G   0.02856  0.008119  0.001923   0.03861       204       640    0.9514    0.9521    0.9689    0.7213   0.06028   0.02812  0.001051
   170/299     24.8G   0.02817  0.008468  0.001671   0.03831       194       640    0.9433    0.9672    0.9725     0.741   0.06072   0.02795  0.001004
   171/299     24.8G   0.02848  0.008284  0.001312   0.03808       139       640    0.9469    0.9701    0.9683    0.7189   0.06096   0.02815  0.001093
   172/299     24.8G   0.02802  0.008249  0.001116   0.03739       134       640    0.9476    0.9724    0.9736    0.7041   0.06137   0.02812   0.00109
   173/299     24.8G   0.02864   0.00816   0.00186   0.03866       177       640    0.9466    0.9726    0.9667    0.7091   0.06083   0.02821  0.001132
   174/299     24.8G   0.02776  0.008381  0.001253   0.03739       156       640    0.9501    0.9721    0.9684    0.6995   0.06086   0.02841  0.001132
   175/299     24.8G   0.02832  0.008261  0.001308   0.03788       160       640     0.948    0.9724    0.9713    0.7233   0.06046   0.02837  0.001105
   176/299     24.8G   0.02753  0.008215  0.001246   0.03699       146       640     0.946    0.9713    0.9699    0.7137   0.05995   0.02794  0.001076
   177/299     24.8G   0.02636  0.008148  0.001309   0.03582       141       640    0.9412     0.978    0.9729    0.7161   0.05973   0.02816 0.0009549
   178/299     24.8G   0.02796  0.008162  0.001395   0.03752       147       640    0.9438    0.9766    0.9739    0.7239   0.06001   0.02761  0.001024
   179/299     24.8G   0.02769  0.008181  0.001294   0.03717       146       640    0.9386    0.9767    0.9751    0.7115   0.05994   0.02773  0.001053
   180/299     24.8G   0.02668  0.008183  0.001117   0.03598       177       640    0.9427    0.9637    0.9667      0.72   0.05975   0.02787  0.000982
   181/299     24.8G    0.0267  0.008102  0.000942   0.03575       154       640    0.9467    0.9468     0.959    0.7145   0.05981    0.0279 0.0008765
   182/299     24.8G   0.02705  0.008151 0.0007339   0.03593       157       640     0.934    0.9763    0.9626    0.7086    0.0601     0.028 0.0008686
   183/299     24.8G   0.02782  0.008102 0.0008474   0.03677       147       640    0.9504    0.9591    0.9684    0.7047   0.06065   0.02823 0.0009427
   184/299     24.8G   0.02635  0.008011  0.001089   0.03545       209       640    0.9306    0.9778    0.9747    0.7157   0.06054   0.02772  0.001007
   185/299     24.8G   0.02629  0.008016  0.001427   0.03574       134       640    0.9425    0.9748    0.9702    0.7148   0.06004   0.02742  0.001022
   186/299     24.8G   0.02638  0.008057 0.0009949   0.03543       162       640    0.9457    0.9716    0.9732    0.7184   0.06062   0.02726   0.00111
   187/299     24.8G   0.02637  0.008159 0.0008905   0.03542       142       640      0.94    0.9775    0.9718    0.7195    0.0606   0.02719  0.001073
   188/299     24.8G   0.02727  0.008089  0.001465   0.03682       153       640    0.9366    0.9798    0.9708    0.7159   0.06074   0.02708  0.001157
   189/299     24.8G   0.02696  0.008188 0.0007301   0.03588       189       640    0.9434    0.9701    0.9756    0.7176   0.06036   0.02717  0.001161
   190/299     24.8G   0.02697  0.008149  0.001237   0.03636       160       640    0.9348    0.9725    0.9712    0.7135   0.06018   0.02766  0.001167
   191/299     24.8G   0.02622  0.008082  0.001464   0.03577       162       640    0.9367    0.9438    0.9572    0.7141   0.06067   0.02749  0.001256
   192/299     24.8G   0.02722  0.008141  0.001553   0.03692       171       640    0.9428    0.9754    0.9737    0.7229   0.06111   0.02711  0.001232
   193/299     24.8G   0.02648  0.008224  0.001274   0.03598       168       640     0.942     0.976      0.97    0.7208   0.06129   0.02713  0.001213
   194/299     24.8G     0.027  0.007922  0.001243   0.03617       135       640    0.9504    0.9544    0.9696    0.7079    0.0613    0.0273  0.001151
   195/299     24.8G   0.02699  0.008004   0.00124   0.03624       153       640    0.9521     0.954    0.9681    0.7193   0.06122   0.02735  0.001039
   196/299     24.8G   0.02764  0.008054  0.001174   0.03687       165       640    0.9489    0.9552    0.9674     0.727   0.06191   0.02719  0.001136
   197/299     24.8G     0.027  0.008045  0.001551    0.0366       124       640    0.9503    0.9546    0.9696    0.7253   0.06196    0.0272  0.001147
   198/299     24.8G   0.02646   0.00816  0.001044   0.03566       143       640    0.9458    0.9776    0.9726    0.7183   0.06133   0.02737  0.001116
   199/299     24.8G   0.02774  0.007853 0.0009629   0.03655       146       640    0.9295    0.9776    0.9733    0.7206   0.06047   0.02799 0.0009573
   200/299     24.8G   0.02748    0.0079  0.001346   0.03673       157       640    0.9325    0.9751    0.9752    0.7152   0.05996   0.02824  0.000929
   201/299     24.8G   0.02608   0.00782  0.001218   0.03511       141       640    0.9295    0.9776     0.974    0.7206   0.06036   0.02796 0.0009849
   202/299     24.8G   0.02647  0.007899 0.0009185   0.03528       179       640    0.9516    0.9539    0.9694    0.7129   0.06071   0.02828  0.001001
   203/299     24.8G    0.0265  0.007959 0.0008989   0.03536       153       640    0.9489    0.9551    0.9666    0.7167   0.06082   0.02829  0.001019
   204/299     24.8G   0.02658  0.008144  0.001436   0.03616       164       640    0.9492     0.957    0.9706    0.7052   0.06097   0.02821  0.001067
   205/299     24.8G   0.02611  0.007926  0.001019   0.03505       144       640    0.9273    0.9778    0.9666    0.7166   0.06175   0.02814  0.001142
   206/299     24.8G   0.02724  0.007943   0.00117   0.03636       138       640     0.926    0.9794    0.9646      0.72   0.06177   0.02832  0.001081
   207/299     24.8G   0.02682  0.007876  0.000964   0.03566       147       640    0.9504    0.9552    0.9711    0.7186   0.06168   0.02812  0.001011
   208/299     24.8G   0.02613  0.007914 0.0008298   0.03487       127       640    0.9506     0.954    0.9715    0.7183   0.06127   0.02802 0.0009019
   209/299     24.8G   0.02595   0.00802 0.0006206   0.03459       204       640    0.9281    0.9802    0.9744    0.7274   0.06131   0.02792 0.0008652
   210/299     24.8G   0.02571   0.00775 0.0008065   0.03427        93       640    0.9419      0.98    0.9718    0.7308   0.06148   0.02806 0.0008958
   211/299     24.8G   0.02601   0.00777 0.0006403   0.03442       151       640    0.9233    0.9802    0.9713    0.7263   0.06159   0.02807 0.0009095
   212/299     24.8G   0.02544  0.007712 0.0005753   0.03373       157       640    0.9264    0.9802    0.9726    0.7284   0.06168   0.02811  0.000939
   213/299     24.8G   0.02664  0.007902  0.001452     0.036       183       640    0.9453    0.9763    0.9717    0.7209   0.06158   0.02781 0.0009688
   214/299     24.8G   0.02567  0.007806 0.0007754   0.03425       159       640     0.943    0.9801    0.9746    0.7283   0.06158     0.028 0.0009797
   215/299     24.8G    0.0254  0.007817 0.0005625   0.03378       187       640    0.9478    0.9698    0.9741    0.7219   0.06159   0.02802 0.0009619
   216/299     24.8G   0.02625  0.007874  0.000573    0.0347       180       640    0.9408    0.9753    0.9716    0.7116   0.06173   0.02823  0.000954
   217/299     24.8G   0.02479  0.007877 0.0009237   0.03359       190       640    0.9444    0.9701    0.9731    0.7221   0.06196     0.028 0.0009519
   218/299     24.8G   0.02571  0.007737 0.0009516    0.0344       146       640    0.9385    0.9763     0.972    0.7209   0.06209   0.02796 0.0009574
   219/299     24.8G   0.02504  0.007863  0.001085   0.03398       126       640    0.9453    0.9741    0.9711    0.7141   0.06205    0.0282 0.0009514
   220/299     24.8G   0.02568  0.008026   0.00121   0.03491       117       640    0.9311    0.9591    0.9521    0.7106   0.06199    0.0285 0.0009791
   221/299     24.8G   0.02601  0.007837  0.001195   0.03504       142       640    0.9281    0.9772    0.9685    0.7263   0.06205   0.02829  0.001002
   222/299     24.8G   0.02595   0.00783  0.001152   0.03493       134       640    0.9476    0.9565    0.9697    0.7292   0.06241   0.02835  0.001012
   223/299     24.8G   0.02549  0.007708  0.000963   0.03416       146       640    0.9416    0.9775    0.9695    0.7196    0.0625   0.02816   0.00106
   224/299     24.8G   0.02586  0.007699 0.0007418   0.03431       127       640     0.944    0.9742    0.9677    0.7134   0.06271   0.02824  0.001082
   225/299     24.8G   0.02563  0.007771 0.0007804   0.03418       157       640    0.9307    0.9773    0.9638    0.7058   0.06271   0.02835  0.001089
   226/299     24.8G   0.02521  0.007792 0.0007512   0.03375       145       640    0.9444    0.9745    0.9646    0.7042   0.06275   0.02827  0.001066
   227/299     24.8G   0.02683  0.007713 0.0008359   0.03538       134       640    0.9418    0.9752    0.9614    0.7096   0.06289   0.02836  0.001026
   228/299     24.8G    0.0257  0.007788  0.001023   0.03451       136       640    0.9456     0.974    0.9611    0.7024   0.06272    0.0285  0.001037
   229/299     24.8G   0.02578  0.007848 0.0009934   0.03462       164       640    0.9312    0.9789    0.9614    0.7054   0.06256   0.02847  0.001042
   230/299     24.8G   0.02516  0.007742 0.0008283   0.03373       136       640    0.9306    0.9787     0.962    0.7065   0.06228   0.02859  0.001003
   231/299     24.8G   0.02507  0.007763 0.0007474   0.03358       140       640    0.9293    0.9788    0.9621    0.7107   0.06197   0.02866 0.0009684
   232/299     24.8G   0.02661  0.007804  0.000927   0.03534       124       640    0.9316    0.9791    0.9626    0.7184   0.06195   0.02854 0.0009744
   233/299     24.8G   0.02478  0.007798  0.001456   0.03404       171       640    0.9315    0.9763    0.9638    0.7121   0.06199   0.02839  0.000959
   234/299     24.8G   0.02543  0.007733 0.0008711   0.03403       186       640    0.9306    0.9755    0.9616    0.7151   0.06185   0.02829  0.001026
   235/299     24.8G   0.02502    0.0078  0.000728   0.03355       129       640    0.9289    0.9789    0.9616    0.7219    0.0617   0.02825  0.001026
   236/299     24.8G   0.02508  0.007725  0.000695    0.0335       162       640    0.9295    0.9768    0.9648    0.7221   0.06182    0.0282  0.001032
   237/299     24.8G   0.02457   0.00757 0.0008237   0.03296       180       640    0.9331    0.9724    0.9659    0.7172     0.062    0.0285  0.001074
   238/299     24.8G   0.02539  0.007832 0.0006525   0.03388       155       640    0.9295    0.9778    0.9641     0.721   0.06211   0.02852  0.001078
   239/299     24.8G   0.02595  0.007725 0.0007974   0.03447       206       640    0.9553    0.9514    0.9668     0.721   0.06211   0.02877  0.001061
   240/299     24.8G   0.02478  0.007636 0.0007134   0.03313       158       640     0.943     0.976    0.9672    0.7188   0.06202   0.02893  0.001025
   241/299     24.8G   0.02509  0.007458 0.0008049   0.03336       165       640    0.9441    0.9731    0.9676    0.7162   0.06186   0.02908 0.0009917
   242/299     24.8G   0.02527  0.007772 0.0009799   0.03402       194       640    0.9439     0.974    0.9648      0.72   0.06198    0.0291 0.0009775
   243/299     24.8G   0.02567  0.007795  0.001236    0.0347       170       640    0.9441    0.9752    0.9623    0.7175   0.06223   0.02883 0.0009787
   244/299     24.8G   0.02522  0.007706  0.000533   0.03346       148       640    0.9444    0.9732    0.9639     0.714   0.06232   0.02869 0.0009889
   245/299     24.8G   0.02513  0.007593 0.0009756    0.0337       109       640    0.9444    0.9744    0.9643    0.7126   0.06227    0.0287 0.0009835
   246/299     24.8G   0.02516  0.007701 0.0009916   0.03385       221       640    0.9467    0.9748    0.9655    0.7197   0.06215   0.02863 0.0009681
   247/299     24.8G   0.02552  0.007689  0.001064   0.03427       150       640     0.947    0.9759     0.966    0.7193    0.0621   0.02868 0.0009523
   248/299     24.8G   0.02479  0.007612  0.001081   0.03349       118       640    0.9447    0.9763    0.9643    0.7181   0.06214   0.02869 0.0009585
   249/299     24.8G   0.02493  0.007594 0.0007414   0.03326       166       640    0.9422    0.9776    0.9635    0.7213   0.06223   0.02857 0.0009701
   250/299     24.8G   0.02532  0.007599  0.001143   0.03406       179       640     0.943    0.9746     0.964    0.7205   0.06255    0.0286 0.0009591
   251/299     24.8G   0.02532  0.007503 0.0008295   0.03365       187       640    0.9468     0.969    0.9642    0.7132    0.0629   0.02844 0.0009599
   252/299     24.8G   0.02529  0.007618  0.001297   0.03421       167       640    0.9428     0.976     0.965    0.7216   0.06303   0.02834 0.0009561
   253/299     24.8G   0.02525  0.007343  0.001316    0.0339       182       640    0.9405    0.9758    0.9647    0.7177   0.06312   0.02847 0.0009206
   254/299     24.8G    0.0258  0.007749  0.000848    0.0344       193       640    0.9406    0.9747    0.9662    0.7211   0.06301   0.02843 0.0008749
   255/299     24.8G   0.02604    0.0077  0.001133   0.03487       130       640    0.9406    0.9763    0.9665    0.7207   0.06294   0.02844 0.0008527
   256/299     24.8G   0.02477  0.007617 0.0008299   0.03321       131       640    0.9282    0.9761    0.9639    0.7246   0.06286   0.02847 0.0008443
   257/299     24.8G    0.0234   0.00753 0.0006326   0.03156       156       640    0.9404    0.9763    0.9652    0.7307   0.06289   0.02849 0.0008289
   258/299     24.8G   0.02415  0.007637 0.0009403   0.03273       154       640    0.9282    0.9769    0.9634    0.7261   0.06286    0.0285 0.0008055
   259/299     24.8G   0.02504   0.00774  0.001144   0.03392       176       640    0.9405    0.9767     0.964    0.7214   0.06286   0.02847 0.0007828
   260/299     24.8G   0.02505  0.007539  0.000595   0.03319       166       640    0.9404    0.9763    0.9637    0.7249   0.06289   0.02844 0.0007846
   261/299     24.8G   0.02469  0.007777 0.0009115   0.03338       173       640    0.9404    0.9786    0.9622    0.7237   0.06295   0.02843  0.000792
   262/299     24.8G   0.02489  0.007645  0.001275   0.03381       189       640    0.9392    0.9789    0.9627    0.7252   0.06303   0.02839 0.0007791
   263/299     24.8G   0.02415  0.007447 0.0008628   0.03246       160       640    0.9394    0.9775    0.9624     0.721   0.06313   0.02842 0.0007906
   264/299     24.8G   0.02588  0.007442  0.001222   0.03455       182       640    0.9391    0.9768    0.9618    0.7193   0.06305   0.02837 0.0007914
   265/299     24.8G    0.0256  0.007657  0.001088   0.03434       206       640    0.9384    0.9776    0.9619    0.7227   0.06301   0.02845 0.0007884
   266/299     24.8G    0.0248  0.007594 0.0005293   0.03292       184       640    0.9393    0.9777     0.962    0.7204   0.06303   0.02852 0.0007704
   267/299     24.8G   0.02402  0.007575  0.001119   0.03271       175       640    0.9369    0.9763     0.963    0.7197     0.063   0.02855 0.0007575
   268/299     24.8G   0.02472   0.00776  0.000763   0.03324       165       640    0.9379    0.9765    0.9635    0.7227     0.063   0.02854 0.0007538
   269/299     24.8G     0.024  0.007495 0.0008769   0.03237       147       640    0.9386    0.9776    0.9643    0.7227   0.06308    0.0285 0.0007648
   270/299     24.8G   0.02433  0.007406 0.0008175   0.03255       142       640    0.9388    0.9776    0.9637      0.72   0.06311   0.02852 0.0007884
   271/299     24.8G   0.02472  0.007532 0.0007212   0.03297       162       640    0.9393    0.9785    0.9646    0.7187   0.06319   0.02861 0.0008125
   272/299     24.8G   0.02428   0.00757 0.0009844   0.03283       160       640    0.9391    0.9789    0.9645      0.72   0.06318   0.02861 0.0008122
   273/299     24.8G   0.02408  0.007545 0.0005492   0.03217       128       640    0.9352    0.9794    0.9646    0.7183   0.06322   0.02855 0.0008205
   274/299     24.8G   0.02408  0.007545 0.0006366   0.03227       137       640    0.9344    0.9793    0.9652    0.7195   0.06321   0.02856 0.0008302
   275/299     24.8G    0.0238  0.007421 0.0008396   0.03206       153       640    0.9348    0.9799    0.9647    0.7192   0.06319    0.0286 0.0008451
   276/299     24.8G    0.0244  0.007458 0.0006332   0.03249       126       640    0.9347    0.9793    0.9644    0.7186   0.06324   0.02859  0.000857
   277/299     24.8G   0.02395  0.007513 0.0006368    0.0321       162       640     0.935    0.9801    0.9631    0.7221   0.06322   0.02859 0.0008619
   278/299     24.8G   0.02474  0.007489 0.0007187   0.03295       164       640    0.9333    0.9789     0.963    0.7227   0.06307   0.02855 0.0008513
   279/299     24.8G   0.02418  0.007466  0.001114   0.03276       170       640    0.9336    0.9789    0.9625    0.7192   0.06286   0.02849 0.0008476
   280/299     24.8G   0.02508  0.007515 0.0007716   0.03336       191       640    0.9343    0.9789    0.9629     0.717   0.06278   0.02845 0.0008516
   281/299     24.8G    0.0235  0.007485 0.0007446   0.03173       177       640    0.9363    0.9789     0.964    0.7199   0.06276   0.02847 0.0008533
   282/299     24.8G   0.02298  0.007516 0.0004794   0.03098       156       640    0.9367    0.9788    0.9643    0.7211   0.06268   0.02848  0.000851
   283/299     24.8G   0.02387   0.00737 0.0006884   0.03193       163       640    0.9365    0.9789    0.9645    0.7217   0.06256   0.02853 0.0008402
   284/299     24.8G   0.02347   0.00738 0.0007439    0.0316       123       640    0.9365    0.9789    0.9647    0.7216   0.06256   0.02861 0.0008307
   285/299     24.8G   0.02386  0.007262 0.0008631   0.03198       124       640     0.935    0.9789    0.9648    0.7228   0.06257    0.0286 0.0008257
   286/299     24.8G   0.02371  0.007446 0.0006279   0.03178       122       640    0.9366     0.976    0.9647    0.7235   0.06261   0.02863 0.0008165
   287/299     24.8G   0.02428  0.007458 0.0008421   0.03258       155       640    0.9353    0.9771    0.9646    0.7247   0.06258   0.02861 0.0008051
   288/299     24.8G   0.02383   0.00728 0.0008314   0.03194       143       640    0.9386    0.9767    0.9648     0.725   0.06259   0.02862 0.0008082
   289/299     24.8G    0.0239  0.007314 0.0008908    0.0321       159       640    0.9385    0.9769    0.9649    0.7276   0.06262   0.02859 0.0008027
   290/299     24.8G   0.02458  0.007519 0.0006517   0.03275       142       640    0.9373    0.9785     0.965    0.7264    0.0626   0.02856 0.0007987
   291/299     24.8G   0.02361   0.00749 0.0007298   0.03183       124       640    0.9361    0.9794    0.9649    0.7266   0.06259   0.02858 0.0007965
   292/299     24.8G   0.02342  0.007142  0.000555   0.03111       138       640    0.9371    0.9799    0.9649    0.7204    0.0626   0.02867 0.0007932
   293/299     24.8G   0.02451  0.007569 0.0004758   0.03255       144       640    0.9371    0.9798    0.9645    0.7245   0.06253    0.0287  0.000792
   294/299     24.8G   0.02487   0.00748 0.0008186   0.03316       129       640    0.9371    0.9798    0.9641    0.7256   0.06247   0.02873 0.0007915
   295/299     24.8G   0.02461  0.007363 0.0008161   0.03279       149       640     0.937    0.9801    0.9642     0.724   0.06243   0.02876 0.0007926
   296/299     24.8G   0.02456  0.007174 0.0004572   0.03219       134       640    0.9361    0.9789    0.9643    0.7221   0.06245   0.02876 0.0007913
   297/299     24.8G   0.02498  0.007525 0.0007294   0.03324       204       640    0.9369    0.9791     0.964    0.7259   0.06251   0.02874 0.0007933
   298/299     24.8G   0.02439  0.007425 0.0006683   0.03248       156       640    0.9394    0.9757    0.9636    0.7252   0.06255   0.02871 0.0007931
   299/299     24.8G   0.02377  0.007417  0.001487   0.03268       133       640     0.937    0.9787    0.9633    0.7219   0.06252   0.02871 0.0007897
