     0/299     24.9G   0.06413   0.02271   0.01925    0.1061       197       640  0.004657    0.3576  0.005157  0.000587   0.08691   0.02966   0.01606
     1/299     24.8G   0.06172   0.02098   0.01345   0.09616       141       640  0.002665    0.2051  0.001998 0.0003039   0.08803   0.02961    0.0131
     2/299     24.8G   0.06107   0.02095   0.01009   0.09212       197       640  0.005831    0.3741  0.005105 0.0005533   0.09325   0.02832   0.01202
     3/299     24.8G   0.06103   0.02002  0.008656   0.08971       162       640    0.3366    0.1227  0.001635 0.0002395   0.08848   0.02975   0.01198
     4/299     24.8G   0.05903   0.02019  0.007332   0.08655       136       640   0.07948    0.1708   0.05766   0.01524   0.08177   0.02983   0.01201
     5/299     24.8G   0.05791    0.0196  0.006161   0.08367       175       640    0.1205    0.2059   0.09556    0.0247   0.08989   0.02774   0.01087
     6/299     24.8G   0.05922   0.01831  0.006267   0.08379       144       640    0.3347   0.01837 0.0001525 2.098e-05   0.09681    0.0298   0.02377
     7/299     24.8G   0.05827   0.01752  0.006287   0.08208       139       640    0.0129   0.03429  0.002775 0.0003983   0.09805   0.02939   0.02604
     8/299     24.8G   0.05732   0.01651  0.005434   0.07927       182       640     0.456    0.2279    0.1169   0.02867   0.09346   0.02913   0.01137
     9/299     24.8G   0.05499   0.01571  0.005382   0.07609       172       640    0.5787    0.3185    0.2458   0.05204   0.09967   0.02382  0.009879
    10/299     24.8G   0.05453   0.01556  0.005485   0.07558       181       640     0.666    0.4074    0.2811   0.08423   0.08707    0.0293   0.01161
    11/299     24.8G   0.05079   0.01457  0.004593   0.06996       158       640    0.6553    0.5656    0.6114    0.1905   0.08991   0.02648  0.009947
    12/299     24.8G   0.04705    0.0138  0.003797   0.06465       133       640    0.8314    0.6339    0.7403    0.2533   0.08585   0.02827  0.009626
    13/299     24.8G   0.04766   0.01372  0.003227    0.0646       134       640     0.517    0.3181    0.3018   0.07592    0.0944    0.0385   0.01839
    14/299     24.8G    0.0463   0.01357  0.003382   0.06326       160       640    0.7906    0.6798    0.8116    0.3643   0.08205   0.02641  0.007764
    15/299     24.8G     0.045   0.01334  0.003745   0.06208       146       640    0.8532    0.7413    0.8089    0.3591   0.08315   0.02397  0.008191
    16/299     24.8G   0.04459   0.01285  0.003547   0.06099       141       640     0.873    0.8429    0.8848    0.4747   0.08211   0.02294  0.007346
    17/299     24.8G   0.04295   0.01247  0.003749   0.05917       142       640    0.5214    0.4976    0.5047    0.1797   0.08719   0.02846  0.008696
    18/299     24.8G   0.04177    0.0127  0.005745   0.06021       144       640    0.6378    0.3359    0.2341   0.07179    0.1069   0.03147   0.04804
    19/299     24.8G    0.0445   0.01282  0.003078    0.0604       159       640     0.815    0.5492    0.7429    0.3592   0.08029   0.02688  0.005374
    20/299     24.8G   0.04068   0.01232  0.002447   0.05545       148       640    0.8558    0.8075    0.9026    0.4864   0.07522   0.02386  0.004416
    21/299     24.8G   0.04214   0.01203  0.003027    0.0572       134       640    0.9422    0.8747    0.9279    0.5361   0.07571   0.02299  0.003183
    22/299     24.8G   0.03864   0.01197  0.002832   0.05345       183       640    0.8939    0.8954    0.9277    0.5445   0.07129   0.02413  0.003312
    23/299     24.8G   0.03892   0.01164  0.003054   0.05362       186       640    0.7838    0.7953    0.8063    0.4403   0.07365   0.02525  0.003435
    24/299     24.8G    0.0399   0.01162  0.002831   0.05435       112       640    0.8494    0.8024     0.859    0.4638    0.0715   0.02491  0.002654
    25/299     24.8G   0.04046   0.01171  0.003482   0.05565       119       640    0.8828    0.7202    0.8796    0.5338   0.07648   0.02513  0.004165
    26/299     24.8G   0.04156    0.0115  0.003256   0.05631       187       640    0.8985    0.9102     0.933    0.5927   0.07428   0.02158  0.002705
    27/299     24.8G    0.0381   0.01137  0.002927   0.05239       142       640    0.9058     0.925    0.9368     0.586   0.06922   0.02433  0.003278
    28/299     24.8G   0.03786   0.01143  0.002626   0.05192       150       640    0.8962    0.9377    0.9385     0.575   0.06907   0.02404  0.002668
    29/299     24.8G   0.03821   0.01137  0.002691   0.05227       152       640    0.9151    0.9415    0.9509     0.612    0.0704   0.02271  0.002688
    30/299     24.8G    0.0369   0.01108  0.002085   0.05007       145       640    0.9139    0.9393    0.9429    0.5817   0.07129   0.02263  0.002895
    31/299     24.8G   0.03657   0.01086  0.002177   0.04961       181       640    0.9492     0.903    0.9499    0.5701   0.07066   0.02271  0.003173
    32/299     24.8G   0.03596   0.01117  0.001983   0.04911       145       640    0.9357    0.8082    0.9065    0.6086   0.06995   0.02435  0.003179
    33/299     24.8G   0.03658   0.01135  0.002072   0.05001       161       640    0.9004    0.9288    0.9398    0.5751   0.07024   0.02247   0.00311
    34/299     24.8G   0.03672   0.01082  0.002053   0.04959       168       640    0.9074    0.9246    0.9384    0.6179   0.07241   0.02224  0.002611
    35/299     24.8G   0.03719   0.01101  0.002203    0.0504       143       640    0.9216    0.9438    0.9557    0.6483   0.07059   0.02329   0.00246
    36/299     24.8G   0.03533   0.01082  0.002862   0.04902       200       640    0.9433    0.9186    0.9542    0.5859   0.07394   0.02243  0.002852
    37/299     24.8G   0.03723   0.01082  0.002172   0.05022       156       640    0.8958    0.9496    0.9481    0.6472   0.07168   0.02228  0.002589
    38/299     24.8G   0.03697   0.01093  0.002651   0.05055       172       640    0.9591     0.939    0.9653    0.6233   0.07218   0.02302  0.002658
